150
0 126 53
0 93 4
0 83 45
0 60 36
0 73 33
0 27 33
0 40 12
0 17 2
0 115 32
0 118 39
0 95 24
0 72 52
0 49 19
0 39 28
0 6 30
0 127 7
0 19 60
0 9 58
0 130 25
0 107 3
0 84 8
0 87 31
0 41 39
0 18 60
0 31 48
0 8 37
0 132 11
0 63 11
0 53 50
0 66 59
0 20 38
0 144 18
0 111 40
0 88 3
0 65 26
0 120 47
0 110 45
0 2 59
0 123 36
0 44 16
0 34 57
0 145 60
0 122 9
0 14 17
0 112 6
0 125 14
0 102 48
0 79 57
0 56 10
0 92 2
0 69 38
0 46 24
0 59 49
0 26 3
0 3 32
0 124 6
0 137 11
0 91 6
0 104 22
0 136 11
1 113 26
1 67 13
1 103 47
1 47 4
1 37 29
1 125 19
1 92 21
1 69 33
1 36 20
1 49 62
1 147 13
1 114 36
1 6 7
1 81 43
1 94 59
1 38 15
1 51 23
1 28 38
1 126 58
1 116 31
1 93 14
1 83 12
1 60 16
1 73 62
1 50 36
1 40 34
1 17 17
1 20 31
1 105 57
1 95 17
1 85 22
1 65 39
1 42 12
1 9 52
1 130 38
1 97 12
1 74 16
1 87 10
1 54 62
1 21 15
1 11 46
1 132 45
1 86 19
1 99 23
1 76 26
1 53 19
1 56 58
1 33 12
1 144 5
1 111 38
1 88 41
1 78 59
1 68 50
1 22 37
1 143 45
1 35 53
1 25 33
1 123 14
1 100 29
1 136 59
2 27 19
2 115 52
2 128 51
2 118 26
2 95 7
2 72 60
2 62 50
2 39 39
2 75 10
2 29 53
2 6 18
2 42 12
2 19 46
2 140 10
2 117 14
2 9 47
2 107 11
2 97 55
2 51 28
2 41 59
2 129 20
2 21 54
2 132 43
2 63 62
2 53 42
2 43 5
2 10 10
2 144 47
2 121 20
2 98 49
2 111 17
2 101 31
2 78 17
2 68 60
2 22 34
2 146 36
2 100 13
2 113 9
2 90 33
2 24 16
2 4 40
2 89 49
2 102 62
2 79 23
2 69 25
2 46 53
2 13 27
2 49 22
2 147 56
2 137 18
2 81 48
2 58 37
2 48 35
2 149 47
2 126 30
2 70 30
2 83 36
2 73 21
3 15 35
3 93 1
3 50 7
3 27 33
3 63 39
3 40 31
3 17 41
3 138 11
3 30 37
3 115 50
3 118 32
3 95 35
3 72 38
3 85 24
3 62 22
3 39 60
3 75 8
3 52 39
3 42 15
3 84 31
3 74 42
3 51 40
3 31 26
3 8 6
3 44 7
3 129 23
3 21 40
3 119 47
3 109 44
3 86 50
3 99 16
3 66 2
3 33 1
3 131 37
3 23 10
3 144 14
3 121 34
3 65 61
3 101 5
3 55 32
3 22 17
3 143 54
3 35 47
3 110 59
3 123 24
3 100 34
3 113 41
3 34 44
3 24 57
3 112 39
3 102 8
3 79 48
3 69 27
3 82 42
3 59 27
3 16 29
3 137 44
3 114 47
3 91 9
3 127 45
3 104 14
3 58 58
3 94 14
3 71 18
3 38 49
4 119 40
4 86 52
4 99 11
4 30 47
4 141 18
4 33 7
4 121 32
4 88 51
4 65 26
4 45 43
4 12 8
4 123 10
4 100 47
4 77 61
4 67 40
4 44 27
4 80 34
4 135 35
4 112 10
4 102 5
4 79 35
4 56 55
4 23 12
4 59 55
4 36 31
4 13 43
4 26 15
4 101 59
4 137 27
4 71 20
4 48 26
4 146 54
4 5 57
4 126 22
4 116 62
4 93 59
4 70 30
4 106 22
4 73 23
4 50 22
4 40 7
4 138 5
4 115 19
4 7 54
4 95 8
4 72 18
4 49 54
4 62 15
4 39 31
4 52 42
4 29 38
4 6 37
4 127 39
4 19 45
4 140 54
4 84 25
4 97 52
4 18 39
4 139 30
4 8 54
5 60 53
5 138 2
5 30 56
5 95 23
5 108 13
5 85 49
5 29 13
5 32 52
5 117 34
5 107 15
5 120 9
5 74 8
5 64 35
5 41 39
5 31 6
5 11 36
5 132 38
5 122 2
5 99 50
5 89 41
5 33 42
5 131 32
5 23 28
5 121 51
5 98 4
5 88 25
5 65 34
5 101 52
5 12 3
5 25 45
5 110 40
5 146 25
5 123 25
5 100 59
5 67 31
5 103 18
5 80 14
5 70 23
5 47 56
5 145 15
5 14 40
5 102 20
5 79 30
5 82 1
5 147 25
5 39 40
5 104 17
5 81 28
5 84 18
5 61 25
5 15 61
5 51 11
5 116 37
5 129 53
6 48 13
6 61 14
6 38 51
6 149 24
6 139 5
6 116 23
6 83 51
6 30 33
6 20 25
6 118 8
6 85 14
6 42 28
6 19 15
6 107 13
6 120 39
6 97 27
6 64 38
6 41 11
6 8 38
6 21 48
6 119 39
6 11 42
6 86 14
6 76 26
6 89 38
6 66 56
6 43 54
6 33 31
6 46 19
6 131 55
6 23 18
6 144 26
6 98 7
6 101 15
6 68 59
6 22 25
6 58 1
6 35 26
6 133 51
6 146 60
6 100 28
6 57 14
6 47 59
6 145 21
6 14 22
6 135 9
6 115 59
6 69 54
6 82 59
6 49 39
6 39 6
6 124 26
6 137 32
6 81 47
7 129 32
7 119 32
7 96 20
7 132 37
7 109 41
7 99 55
7 53 10
7 56 58
7 141 40
7 33 50
7 131 47
7 23 49
7 121 60
7 78 33
7 22 28
7 143 14
7 35 6
7 123 27
7 100 27
7 67 40
7 34 25
7 47 47
7 135 31
7 125 42
7 102 62
7 79 8
7 36 41
7 49 58
7 26 37
7 147 51
7 124 39
7 16 51
7 137 38
7 114 2
7 91 37
7 104 3
7 58 4
7 71 51
7 48 23
7 25 6
7 38 50
7 149 27
7 116 25
7 70 8
7 106 53
7 40 6
7 95 2
7 19 3
7 107 30
7 120 33
7 97 15
7 41 39
8 9 61
8 130 47
8 120 52
8 97 26
8 87 61
8 41 40
8 54 12
8 31 38
8 44 38
8 142 15
8 119 18
8 11 61
8 96 37
8 132 10
8 86 3
8 76 11
8 141 20
8 33 1
8 131 33
8 111 6
8 101 53
8 78 1
8 32 6
8 143 23
8 35 21
8 12 45
8 110 60
8 123 55
8 100 49
8 113 1
8 90 5
8 67 15
8 34 50
8 24 15
8 145 37
8 14 32
8 135 48
8 125 36
8 79 50
8 92 47
8 36 54
8 13 27
8 147 2
8 16 54
8 91 35
8 104 19
8 81 49
8 61 30
8 15 62
8 136 50
8 126 26
8 103 53
8 139 31
8 116 17
8 93 9
8 106 22
8 83 39
8 60 36
8 50 19
8 148 35
8 72 29
8 85 24
8 62 38
8 39 37
8 140 16
9 90 58
9 67 5
9 44 4
9 80 50
9 112 55
9 56 27
9 69 61
9 13 22
9 134 50
9 124 25
9 16 62
9 101 15
9 137 23
9 104 44
9 146 35
9 15 26
9 113 52
9 93 1
9 70 40
9 60 9
9 148 14
9 40 41
9 138 17
9 95 56
9 49 52
9 85 15
9 39 18
9 19 33
9 94 56
9 84 49
9 51 53
9 18 47
9 139 20
9 31 53
9 106 31
9 119 6
9 109 54
9 63 51
9 43 26
9 20 13
9 10 27
9 131 22
9 108 42
9 144 38
9 121 56
9 98 44
9 22 46
9 87 35
9 123 37
9 100 32
10 31 40
10 44 36
10 21 62
10 142 36
10 11 58
10 132 9
10 86 19
10 99 23
10 53 39
10 66 45
10 43 14
10 20 41
10 56 61
10 33 56
10 144 46
10 121 29
10 88 48
10 101 56
10 78 53
10 55 51
10 58 16
10 35 11
10 146 11
10 100 6
10 70 48
10 37 5
10 135 58
10 112 52
10 148 29
10 102 24
10 92 47
10 69 34
10 46 24
10 82 6
10 26 9
10 124 45
10 16 62
10 114 51
10 48 41
10 84 38
10 116 51
10 60 5
10 17 58
10 30 23
10 141 10
10 118 10
10 95 20
10 108 6
10 75 33
10 52 15
10 29 27
10 140 10
10 117 12
10 130 3
10 107 21
10 120 21
10 97 8
10 74 24
10 87 52
11 14 46
11 89 43
11 102 43
11 79 6
11 56 7
11 46 10
11 49 29
11 134 60
11 16 57
11 104 7
11 94 31
11 71 17
11 61 2
11 146 60
11 136 11
11 139 50
11 116 19
11 70 48
11 106 35
11 83 21
11 148 9
11 40 18
11 128 20
11 105 18
11 82 29
11 62 25
11 42 43
11 117 27
11 97 28
11 51 61
11 87 17
11 64 47
11 54 1
11 31 55
11 142 60
11 119 21
11 86 51
11 99 27
11 76 51
11 66 39
11 98 51
11 78 49
11 55 44
11 32 19
11 22 29
11 123 44
11 100 60
11 77 2
11 113 14
11 67 5
12 57 53
12 34 45
12 47 60
12 24 30
12 37 56
12 112 8
12 92 17
12 59 24
12 13 21
12 134 48
12 26 22
12 16 2
12 127 10
12 81 30
12 58 10
12 94 6
12 25 62
12 15 27
12 149 60
12 93 56
12 17 15
12 138 39
12 115 60
12 128 59
12 118 24
12 62 62
12 39 5
12 140 32
12 117 32
12 107 11
12 87 6
12 64 20
12 21 55
12 119 24
12 132 22
12 99 60
12 43 33
12 23 12
12 88 23
12 45 58
12 35 38
12 133 22
13 88 5
13 68 57
13 45 44
13 133 12
13 110 17
13 146 26
13 90 49
13 67 37
13 145 25
13 122 11
13 69 3
13 59 30
13 49 41
13 127 58
13 81 60
13 58 62
13 94 49
13 71 3
13 48 13
13 25 34
13 61 3
13 136 13
13 149 46
13 103 51
13 70 10
13 106 51
13 83 16
13 73 20
13 63 17
13 148 17
13 40 51
13 115 58
13 128 9
13 108 11
13 52 31
13 29 42
13 130 7
13 84 31
13 74 5
13 51 54
13 44 33
13 21 46
13 96 33
13 132 29
13 86 28
13 99 8
13 53 47
13 89 4
13 43 24
13 20 22
13 33 53
13 131 25
13 23 31
13 144 24
13 121 54
14 24 28
14 145 7
14 112 50
14 125 52
14 102 37
14 46 8
14 36 18
14 147 10
14 16 47
14 114 2
14 91 6
14 127 34
14 94 46
14 71 61
14 48 27
14 116 15
14 93 19
14 73 5
14 50 19
14 148 40
14 40 16
14 17 3
14 30 34
14 141 36
14 39 54
14 29 60
14 42 53
14 117 58
14 130 44
14 107 14
14 84 55
14 120 39
14 64 12
14 77 16
14 129 53
14 21 32
14 86 24
14 43 58
14 20 42
14 56 37
14 144 40
14 111 52
14 88 19
14 101 54
14 55 34
14 45 60
14 25 30
14 146 39
14 80 23
14 57 19
14 34 46
15 123 52
15 100 24
15 113 15
15 80 10
15 47 7
15 145 30
15 37 3
15 135 44
15 112 3
15 115 29
15 92 10
15 82 6
15 26 24
15 127 38
15 81 8
15 94 58
15 71 27
15 48 44
15 38 36
15 51 20
15 28 2
15 149 23
15 116 43
15 106 60
15 96 51
15 40 12
15 17 45
15 30 26
15 128 20
15 105 29
15 118 13
15 72 16
15 108 35
15 85 55
15 52 62
15 29 11
15 19 5
15 140 1
15 120 23
15 97 51
15 74 45
15 41 21
15 44 35
15 129 10
15 142 38
15 132 14
15 86 32
15 53 48
15 43 62
15 144 53
15 98 45
15 134 47
15 111 7
15 101 48
15 55 10
15 68 38
15 45 1
15 143 42
16 93 52
16 83 32
16 60 58
16 37 19
16 148 7
16 30 37
16 72 29
16 85 17
16 39 32
16 52 54
16 29 41
16 127 43
16 130 25
16 84 22
16 74 62
16 87 14
16 64 7
16 18 45
16 54 3
16 31 48
16 119 61
16 96 45
16 132 30
16 99 22
16 66 32
16 43 4
16 144 15
16 88 62
16 78 56
16 45 59
16 133 10
16 100 27
16 90 25
16 44 21
16 57 12
16 145 5
16 135 45
16 112 2
16 125 41
16 69 24
16 49 60
16 134 59
16 101 38
16 104 4
16 58 22
16 48 12
16 25 25
16 61 10
16 146 15
16 136 2
16 103 34
16 139 41
17 94 31
17 25 59
17 38 39
17 28 61
17 139 56
17 106 55
17 83 19
17 60 8
17 50 27
17 30 21
17 118 32
17 95 10
17 72 2
17 62 6
17 75 36
17 117 4
17 130 8
17 51 39
17 87 38
17 64 17
17 21 11
17 63 53
17 76 56
17 53 19
17 56 25
17 141 18
17 23 53
17 144 30
17 88 33
17 65 51
17 78 38
17 55 45
17 32 61
17 68 2
17 45 38
17 113 11
17 34 40
17 24 56
17 37 38
17 89 10
17 125 13
17 102 33
17 79 55
17 92 36
17 69 33
17 59 56
17 49 60
17 134 16
17 147 12
17 124 10
17 137 11
17 114 26
17 127 56
18 105 45
18 118 27
18 95 16
18 72 26
18 85 43
18 39 56
18 29 60
18 42 43
18 117 33
18 130 60
18 107 49
18 84 16
18 51 24
18 64 62
18 41 36
18 21 48
18 142 55
18 132 21
18 109 28
18 76 22
18 53 11
18 66 11
18 43 35
18 20 26
18 141 13
18 131 41
18 144 47
18 121 11
18 98 14
18 65 5
18 78 20
18 22 39
18 146 32
18 113 35
18 24 47
18 135 51
18 112 50
18 46 22
18 82 24
18 59 54
18 36 21
18 147 8
18 137 12
18 91 54
18 81 47
18 58 22
18 94 26
18 71 52
18 25 38
18 38 23
18 136 40
18 126 41
18 103 61
18 93 13
18 70 35
18 83 40
18 73 29
18 27 54
18 148 23
19 103 47
19 93 54
19 106 11
19 96 33
19 50 61
19 27 54
19 63 38
19 40 38
19 30 42
19 105 22
19 141 8
19 118 15
19 95 48
19 29 58
19 42 36
19 140 42
19 120 37
19 97 40
19 64 62
19 41 3
19 54 25
19 31 30
19 44 52
19 119 12
19 86 32
19 99 1
19 89 51
19 66 41
19 20 53
19 33 31
19 131 43
19 134 12
19 88 7
19 78 11
19 32 34
19 45 31
19 143 24
19 25 9
19 110 5
19 146 7
19 100 36
19 77 14
19 113 49
19 90 6
19 57 38
19 47 59
19 24 15
19 145 62
19 37 21
19 122 41
19 125 40
19 92 16
19 104 47
19 58 5
19 94 4
19 61 47
19 51 45
19 126 40
20 104 4
20 81 54
20 71 5
20 48 30
20 38 53
20 149 8
20 126 22
20 116 53
20 93 21
20 106 46
20 83 61
20 60 28
20 73 18
20 50 40
20 40 18
20 30 25
20 118 24
20 72 30
20 85 34
20 62 51
20 52 54
20 42 16
20 117 17
20 54 5
20 31 42
20 44 6
20 129 40
20 142 7
20 132 54
20 86 15
20 99 27
20 89 16
20 56 19
20 131 29
20 23 39
20 144 55
20 121 31
20 111 4
20 101 42
20 58 62
20 143 5
20 35 21
20 110 62
20 146 25
20 90 14
20 67 28
20 103 13
20 57 13
20 34 14
20 70 12
20 24 1
20 145 31
20 125 23
20 79 3
20 69 28
20 59 27
20 36 6
20 26 18
20 137 18
21 129 22
21 86 36
21 63 58
21 43 15
21 131 10
21 108 55
21 121 50
21 98 45
21 88 39
21 65 17
21 55 54
21 120 7
21 110 36
21 123 51
21 67 50
21 44 54
21 80 52
21 145 57
21 135 36
21 89 57
21 79 54
21 92 5
21 69 20
21 134 61
21 26 35
21 147 19
21 137 8
21 104 32
21 58 46
21 94 26
21 71 11
21 61 1
21 146 25
21 38 27
21 136 42
21 149 30
21 126 31
21 139 32
21 70 46
21 106 5
21 83 52
21 37 28
21 73 29
21 148 61
21 138 11
21 115 59
21 105 49
21 95 48
21 72 31
21 85 15
21 39 37
21 52 9
21 42 9
21 140 56
21 107 38
21 74 39
22 149 46
22 139 45
22 96 36
22 50 22
22 63 10
22 30 52
22 128 38
22 141 7
22 118 20
22 85 49
22 98 24
22 75 57
22 42 11
22 32 60
22 110 27
22 77 14
22 142 1
22 119 51
22 122 59
22 99 5
22 89 34
22 111 32
22 101 17
22 78 62
22 55 33
22 91 24
22 25 51
22 146 33
22 123 59
22 90 1
22 103 14
22 57 17
22 37 45
22 92 41
22 94 19
22 71 2
22 61 34
22 38 39
22 51 25
23 132 16
23 99 8
23 89 35
23 33 23
23 131 46
23 134 10
23 78 54
23 146 20
23 100 26
23 113 52
23 67 1
23 80 43
23 47 21
23 37 1
23 122 35
23 79 49
23 92 26
23 82 5
23 59 41
23 36 50
23 26 3
23 147 43
23 137 27
23 91 58
23 127 13
23 58 10
23 61 47
23 28 15
23 103 38
23 139 57
23 106 48
23 50 60
23 40 28
23 128 41
23 85 9
23 75 38
23 52 30
23 29 29
23 42 59
23 140 61
23 117 18
23 107 61
23 51 28
23 54 8
23 96 47
24 74 1
24 64 57
24 41 38
24 54 13
24 142 62
24 109 40
24 53 16
24 89 27
24 66 24
24 43 46
24 56 51
24 33 51
24 134 61
24 111 23
24 78 38
24 55 25
24 68 19
24 45 28
24 143 41
24 35 60
24 133 51
24 25 25
24 146 35
24 123 26
24 100 31
24 77 10
24 67 61
24 34 8
24 37 2
24 122 14
24 125 43
24 82 52
24 59 40
24 91 49
24 127 18
24 104 26
24 81 30
24 58 52
24 94 49
24 136 52
24 28 34
24 149 25
24 126 36
24 139 59
24 93 42
24 106 19
24 60 16
24 96 36
24 30 25
24 118 9
24 85 57
24 62 41
24 75 16
24 52 35
24 29 51
24 42 30
24 117 55
25 47 47
25 122 24
25 79 54
25 56 20
25 124 10
25 68 39
25 104 5
25 81 51
25 58 8
25 38 20
25 136 22
25 28 12
25 113 35
25 103 53
25 93 19
25 106 12
25 83 28
25 73 29
25 27 8
25 40 43
25 118 62
25 52 23
25 140 23
25 117 49
25 97 22
25 74 28
25 41 6
25 31 32
25 142 32
25 119 32
25 63 42
25 99 4
25 76 58
25 43 47
25 141 13
25 33 16
25 131 57
25 98 50
25 65 20
25 78 48
25 32 7
25 45 50
25 133 30
25 110 43
25 123 47
25 100 36
25 90 6
25 44 19
25 80 16
26 109 61
26 86 6
26 99 11
26 89 1
26 66 14
26 43 29
26 33 55
26 46 41
26 144 35
26 134 27
26 58 38
26 143 20
26 146 25
26 123 40
26 67 62
26 103 62
26 80 23
26 34 54
26 47 5
26 145 48
26 37 38
26 135 13
26 112 29
26 125 20
26 147 31
26 124 22
26 127 40
26 94 59
26 71 51
26 84 39
26 61 11
26 38 22
26 28 25
26 116 46
26 93 56
26 129 14
26 73 41
26 50 35
26 63 55
26 128 6
26 105 28
26 62 17
26 65 23
26 42 50
26 130 60
26 74 12
26 110 27
26 87 18
26 41 34
27 74 37
27 77 2
27 54 3
27 132 25
27 99 2
27 89 51
27 66 58
27 43 37
27 56 38
27 144 60
27 121 58
27 111 49
27 88 49
27 91 30
27 68 29
27 133 22
27 146 47
27 123 1
27 90 45
27 57 39
27 34 25
27 70 27
27 47 30
27 145 27
27 135 56
27 112 56
27 92 14
27 69 28
27 82 30
27 59 23
27 49 38
27 147 5
27 124 11
27 127 57
27 117 15
27 149 40
27 129 23
27 106 55
27 83 39
27 60 21
27 96 22
27 50 58
27 63 36
27 40 20
27 138 19
27 30 4
27 141 8
27 118 25
27 108 30
27 85 23
27 75 33
27 29 14
27 32 25
27 130 53
28 37 37
28 135 29
28 69 18
28 49 60
28 147 29
28 137 46
28 91 44
28 104 57
28 81 36
28 94 34
28 38 52
28 149 12
28 126 45
28 70 54
28 106 51
28 83 53
28 63 59
28 138 8
28 118 5
28 95 29
28 85 27
28 42 44
28 140 6
28 117 9
28 130 25
28 41 32
28 54 44
28 31 5
28 96 61
28 109 26
28 53 56
28 89 35
28 144 60
28 121 14
28 98 17
28 111 42
28 55 39
28 68 37
28 45 31
28 143 12
28 35 58
28 133 7
28 110 32
28 146 46
28 123 22
28 100 52
28 113 2
29 32 24
29 143 3
29 123 6
29 100 12
29 67 11
29 57 21
29 47 22
29 145 35
29 122 61
29 112 1
29 125 51
29 115 22
29 92 35
29 46 33
29 82 8
29 59 52
29 36 7
29 49 26
29 147 17
29 124 47
29 104 33
29 48 48
29 61 3
29 136 30
29 103 16
29 93 41
29 106 3
29 73 31
29 50 49
29 63 3
29 148 18
29 40 1
29 141 38
29 108 46
29 62 33
29 39 42
29 75 4
29 52 24
29 42 45
29 130 1
29 107 51
29 84 52
29 44 28
29 129 3
29 142 2
29 119 14
29 132 42
29 109 28
29 53 33
29 56 45
29 144 30
29 88 8
29 101 20
30 112 28
30 148 55
30 115 39
30 92 9
30 46 62
30 82 9
30 147 35
30 124 58
30 114 43
30 91 31
30 104 58
30 94 29
30 71 41
30 38 19
30 136 29
30 126 10
30 139 4
30 73 41
30 40 52
30 138 58
30 105 53
30 118 19
30 85 5
30 62 26
30 39 53
30 52 57
30 140 24
30 107 19
30 120 33
30 41 51
30 77 13
30 31 23
30 129 1
30 119 24
30 86 10
30 122 2
30 99 13
30 76 38
30 53 38
30 89 26
30 66 31
30 121 12
30 88 50
30 55 34
30 45 8
30 35 4
30 110 13
30 146 51
30 123 27
30 90 2
30 103 31
30 80 62
30 145 34
30 37 29
30 135 37
31 103 55
31 47 35
31 37 48
31 112 34
31 125 34
31 92 21
31 36 8
31 49 51
31 147 46
31 137 25
31 91 1
31 81 14
31 94 56
31 129 57
31 106 4
31 96 26
31 63 19
31 141 56
31 95 39
31 85 2
31 62 19
31 75 28
31 52 1
31 65 16
31 42 58
31 32 28
31 41 24
31 44 21
31 142 19
31 86 27
31 76 32
31 53 14
31 43 15
31 33 9
31 121 31
31 58 59
31 133 30
31 146 13
31 123 54
32 78 29
32 68 31
32 45 30
32 58 24
32 35 46
32 133 35
32 146 37
32 136 37
32 70 40
32 47 26
32 135 37
32 112 26
32 125 37
32 102 27
32 115 32
32 92 55
32 69 62
32 82 35
32 49 45
32 137 5
32 127 28
32 117 50
32 94 59
32 71 60
32 61 4
32 93 58
32 129 19
32 106 20
32 60 16
32 138 16
32 118 2
32 95 36
32 65 23
32 107 16
32 120 47
32 97 37
32 110 56
32 87 18
32 54 52
32 109 4
32 122 58
32 76 11
32 53 5
32 89 44
32 66 38
32 46 51
32 144 37
32 134 7
32 111 8
33 136 8
33 103 50
33 116 16
33 106 6
33 73 34
33 63 31
33 118 24
33 52 30
33 117 39
33 107 24
33 120 28
33 97 51
33 74 37
33 87 49
33 64 52
33 41 56
33 54 45
33 129 36
33 142 5
33 109 52
33 99 41
33 53 24
33 121 47
33 88 32
33 65 12
33 101 43
33 68 48
33 143 56
33 133 19
33 146 50
33 113 30
33 90 18
33 34 40
33 47 25
33 145 42
33 135 9
33 92 27
33 59 30
33 36 52
33 49 53
33 147 61
33 91 31
33 94 61
33 71 37
34 91 58
34 94 49
34 61 43
34 38 37
34 93 52
34 63 13
34 138 39
34 72 48
34 75 2
34 52 21
34 117 4
34 84 36
34 120 59
34 74 53
34 87 46
34 64 22
34 54 24
34 44 42
34 129 13
34 142 61
34 132 35
34 109 40
34 76 47
34 53 51
34 66 47
34 56 46
34 121 47
34 98 37
34 134 43
34 55 60
34 146 61
34 100 8
34 77 62
34 113 60
34 80 25
34 57 54
34 47 11
34 145 18
34 122 18
34 112 35
34 115 24
34 92 14
34 69 37
34 82 25
35 106 27
35 83 27
35 60 55
35 96 41
35 50 15
35 138 1
35 141 44
35 72 12
35 85 15
35 62 21
35 140 50
35 130 43
35 107 51
35 120 38
35 74 15
35 41 19
35 132 16
35 122 32
35 53 50
35 89 60
35 144 17
35 78 54
35 55 4
35 68 57
35 45 4
35 133 48
35 113 51
35 90 18
35 67 42
35 112 51
35 125 5
35 79 45
35 46 15
35 82 49
35 36 55
35 104 5
35 81 33
35 94 11
35 71 54
35 48 50
35 61 31
35 38 46
35 149 47
36 71 2
36 48 51
36 84 53
36 126 4
36 93 62
36 129 47
36 83 13
36 60 35
36 73 59
36 50 9
36 40 19
36 138 47
36 141 32
36 95 56
36 85 37
36 62 39
36 75 44
36 52 28
36 42 38
36 130 24
36 107 53
36 120 54
36 97 44
36 77 52
36 142 33
36 119 9
36 66 60
36 43 3
36 56 39
36 131 57
36 88 61
36 55 13
36 58 3
36 143 43
36 133 17
36 57 39
36 145 28
36 37 26
36 112 49
36 125 30
36 92 51
36 69 16
36 46 61
36 82 19
36 59 46
36 147 61
36 39 25
36 91 44
36 127 15
36 104 43
36 81 12
37 142 47
37 119 25
37 132 15
37 63 16
37 43 59
37 141 26
37 131 45
37 144 13
37 98 30
37 88 41
37 55 53
37 68 4
37 133 13
37 77 19
37 90 15
37 57 33
37 47 56
37 145 61
37 89 5
37 125 37
37 79 12
37 92 10
37 69 38
37 46 62
37 124 62
37 104 33
37 81 59
37 71 61
37 61 36
37 103 33
37 93 22
37 106 23
37 73 38
37 105 52
37 82 36
37 72 5
37 85 49
37 39 21
37 52 49
37 140 3
37 117 50
37 130 19
37 107 34
37 64 49
38 107 11
38 84 38
38 120 19
38 97 44
38 64 39
38 129 8
38 142 9
38 96 32
38 66 11
38 43 38
38 144 21
38 121 42
38 101 51
38 78 17
38 143 10
38 110 36
38 77 60
38 113 21
38 90 24
38 80 10
38 69 49
38 46 52
38 49 11
38 124 11
38 91 49
38 127 36
38 81 12
38 94 50
38 71 51
38 61 6
38 136 49
38 149 11
38 139 16
38 70 38
38 83 46
38 50 9
38 148 36
38 138 52
38 118 10
38 95 33
38 108 48
38 85 18
38 62 50
38 39 52
39 81 32
39 71 5
39 84 11
39 126 14
39 139 30
39 129 51
39 83 50
39 96 22
39 86 53
39 53 59
39 138 52
39 131 39
39 108 37
39 52 39
39 65 23
39 42 44
39 140 34
39 143 61
39 64 14
39 119 11
39 132 50
39 109 40
39 56 48
39 134 3
39 111 27
39 88 25
39 124 31
39 55 14
39 91 21
39 133 24
39 80 31
39 70 8
39 145 38
39 135 17
39 148 57
39 82 13
39 59 40
39 147 55
39 114 19
39 127 44
40 41 37
40 54 47
40 142 40
40 119 19
40 132 59
40 76 32
40 53 10
40 43 23
40 121 19
40 101 34
40 78 2
40 68 24
40 45 59
40 143 11
40 133 29
40 123 26
40 100 29
40 90 43
40 80 17
40 57 43
40 47 50
40 135 37
40 102 9
40 79 45
40 115 45
40 92 2
40 46 47
40 49 52
40 114 2
40 94 38
40 61 14
40 126 11
40 116 26
40 50 60
40 63 14
40 138 48
40 128 52
40 118 58
40 108 27
40 85 57
40 75 6
40 52 36
40 42 28
40 117 1
40 107 33
40 84 20
40 74 53
40 87 43
41 97 11
41 77 47
41 142 15
41 109 17
41 76 52
41 53 54
41 89 21
41 43 43
41 56 54
41 98 3
41 111 42
41 88 54
41 68 16
41 133 20
41 100 32
41 113 21
41 80 15
41 57 36
41 70 49
41 47 29
41 145 62
41 135 34
41 112 35
41 125 14
41 92 4
41 69 30
41 82 2
41 137 36
41 127 56
41 84 44
41 136 53
41 139 28
41 83 6
41 60 40
41 96 29
41 63 48
41 138 43
41 128 43
41 118 22
41 95 48
41 72 62
41 108 37
41 85 26
42 123 3
42 77 14
42 67 18
42 89 28
42 79 7
42 92 23
42 69 24
42 46 37
42 59 41
42 49 21
42 134 42
42 124 15
42 137 16
42 114 13
42 104 50
42 94 15
42 71 45
42 48 47
42 61 30
42 126 61
42 103 45
42 139 23
42 70 42
42 83 21
42 73 30
42 50 11
42 138 51
42 85 54
42 62 26
42 75 20
42 52 29
42 140 55
42 130 39
42 107 53
42 84 50
42 120 47
42 74 19
42 64 25
42 129 55
42 109 51
42 63 39
42 99 47
42 131 48
42 88 12
42 65 25
42 78 38
42 143 62
42 110 58
43 87 18
43 119 52
43 132 43
43 86 37
43 122 48
43 66 46
43 121 5
43 111 21
43 55 24
43 91 57
43 68 26
43 58 2
43 113 14
43 90 39
43 80 19
43 57 42
43 70 36
43 145 24
43 148 50
43 92 47
43 82 47
43 114 1
43 94 20
43 71 61
43 48 44
43 84 58
43 129 28
43 106 52
43 60 9
43 96 47
43 73 48
43 53 48
43 128 10
43 85 12
43 98 13
43 65 20
43 140 42
43 143 60
43 120 25
43 97 33
44 122 56
44 69 17
44 59 5
44 114 22
44 91 27
44 127 43
44 94 31
44 48 47
44 136 34
44 93 43
44 106 60
44 96 46
44 50 15
44 138 2
44 72 37
44 108 42
44 62 51
44 117 30
44 130 25
44 107 8
44 74 32
44 142 53
44 132 14
44 86 25
44 99 10
44 76 19
44 53 21
44 89 8
44 66 22
44 98 29
44 111 25
44 88 35
44 101 60
44 143 55
44 123 32
44 90 30
45 123 18
45 90 24
45 103 57
45 47 6
45 135 39
45 115 44
45 46 55
45 49 42
45 147 9
45 124 46
45 81 52
45 139 40
45 93 7
45 73 22
45 128 20
45 105 13
45 95 61
45 130 59
45 84 20
45 87 48
45 77 8
45 119 21
45 132 14
45 122 38
45 99 21
45 76 50
45 53 16
45 89 19
45 144 33
45 121 32
45 134 17
45 111 24
45 101 30
45 143 54
46 98 25
46 88 43
46 55 7
46 68 8
46 100 39
46 47 39
46 145 54
46 135 2
46 112 25
46 148 8
46 125 46
46 79 11
46 115 10
46 92 7
46 114 1
46 91 49
46 127 42
46 94 35
46 71 54
46 84 43
46 61 10
46 149 18
46 116 47
46 93 32
46 129 42
46 106 52
46 83 7
46 96 55
46 50 26
46 138 12
46 72 59
46 108 26
46 75 15
46 140 14
46 97 49
46 74 38
46 119 8
46 109 9
46 86 4
46 53 32
46 56 5
46 131 33
46 144 32
47 69 32
47 72 30
47 49 44
47 124 58
47 127 42
47 81 33
47 117 25
47 71 50
47 48 51
47 61 21
47 139 44
47 116 31
47 83 23
47 60 20
47 73 12
47 105 45
47 141 30
47 95 21
47 85 29
47 62 10
47 140 45
47 120 29
47 64 52
47 54 61
47 142 57
47 132 28
47 109 58
47 86 56
47 76 34
47 56 61
47 88 4
47 55 5
47 143 47
47 133 47
47 100 6
47 136 17
47 67 23
48 133 34
48 136 33
48 67 5
48 103 55
48 70 40
48 148 42
48 102 14
48 115 20
48 59 32
48 72 45
48 49 54
48 147 15
48 104 49
48 81 37
48 117 19
48 149 22
48 93 6
48 106 17
48 83 52
48 63 28
48 53 7
48 138 50
48 141 33
48 118 4
48 95 53
48 85 54
48 98 23
48 52 53
48 120 29
48 74 30
48 54 53
48 119 61
48 109 51
48 122 61
48 99 45
48 76 13
48 79 25
48 144 54
48 121 57
48 88 16
48 68 14
49 103 5
49 106 10
49 83 31
49 50 9
49 148 24
49 128 62
49 118 55
49 108 20
49 85 25
49 74 11
49 51 52
49 87 61
49 54 30
49 119 19
49 109 38
49 86 13
49 66 22
49 141 49
49 131 59
49 121 59
49 98 47
49 78 58
49 68 9
49 146 59
49 77 36
49 113 18
49 67 10
49 80 16
49 57 57
49 70 1
49 122 41
49 135 60
49 112 46
49 125 46
49 92 56
49 82 54
49 59 5
49 147 26
49 137 36
49 71 33
49 136 29
49 149 60
50 104 42
50 71 42
50 61 9
50 51 28
50 136 7
50 149 37
50 93 27
50 106 15
50 83 50
50 60 59
50 148 6
50 95 39
50 72 33
50 108 28
50 62 39
50 75 34
50 140 12
50 117 53
50 120 33
50 97 50
50 87 51
50 64 19
50 54 42
50 129 24
50 142 38
50 119 36
50 86 16
50 89 58
50 66 20
50 55 52
50 146 34
50 123 61
50 113 19
50 90 45
50 67 48
50 145 44
50 135 61
50 112 30
50 102 3
50 79 5
50 69 22
50 147 58
51 91 62
51 68 39
51 133 39
51 136 55
51 113 26
51 126 10
51 93 14
51 60 37
51 135 55
51 125 14
51 115 30
51 105 47
51 59 23
51 72 23
51 137 42
51 94 20
51 61 12
51 139 30
51 73 9
51 98 53
51 55 20
51 130 20
51 143 41
51 77 26
51 54 28
51 67 3
51 142 19
51 132 27
51 109 52
51 122 44
51 112 46
51 66 32
51 56 14
51 121 35
51 134 28
51 111 53
51 88 46
52 149 31
52 129 53
52 106 62
52 83 52
52 105 2
52 141 13
52 95 52
52 62 47
52 75 46
52 130 1
52 120 11
52 110 10
52 77 3
52 132 58
52 109 55
52 86 17
52 122 41
52 76 52
52 89 45
52 66 12
52 121 28
52 98 36
52 134 61
52 88 38
52 78 19
52 91 51
52 58 27
52 146 62
52 123 38
52 100 36
52 136 45
52 103 16
52 57 5
52 70 15
52 135 34
52 112 15
52 148 14
52 115 32
52 69 18
52 124 43
52 114 60
52 81 59
52 117 2
52 94 59
53 114 45
53 104 11
53 81 23
53 94 31
53 71 51
53 84 15
53 116 24
53 93 33
53 129 58
53 96 52
53 138 18
53 128 24
53 118 37
53 95 21
53 62 7
53 140 56
53 130 15
53 107 47
53 143 41
53 97 7
53 74 6
53 110 15
53 87 56
53 64 16
53 54 58
53 142 55
53 86 38
53 99 42
53 76 31
53 89 59
53 56 60
53 144 1
53 121 5
53 91 13
53 136 59
53 113 39
53 90 28
53 103 48
53 80 22
53 57 56
53 70 49
53 145 16
53 148 15
53 125 8
53 92 22
53 69 17
53 82 1
53 147 10
54 87 10
54 129 34
54 119 33
54 132 36
54 89 17
54 131 7
54 121 59
54 98 11
54 101 46
54 55 9
54 77 40
54 67 22
54 135 1
54 112 59
54 125 6
54 102 14
54 115 2
54 92 2
54 147 12
54 124 57
54 114 27
54 91 53
54 127 12
54 104 2
54 71 38
54 149 32
54 106 57
54 60 51
54 73 45
54 148 13
54 138 52
54 95 2
54 72 45
54 108 30
54 85 48
54 75 59
54 107 48
54 84 18
55 129 61
55 106 32
55 73 5
55 95 36
55 131 26
55 108 4
55 98 19
55 65 52
55 143 41
55 67 41
55 132 10
55 109 37
55 122 50
55 79 16
55 144 13
55 68 40
55 146 55
55 136 49
55 90 35
55 80 46
55 57 41
55 70 18
55 145 57
55 148 61
55 115 53
55 92 52
55 69 40
55 105 31
55 59 21
55 137 1
55 117 34
55 71 26
56 132 37
56 86 31
56 122 42
56 99 2
56 66 17
56 101 45
56 78 44
56 68 2
56 146 33
56 123 47
56 67 25
56 145 42
56 112 53
56 102 17
56 115 49
56 59 18
56 124 25
56 137 44
56 114 31
56 81 15
56 71 54
56 84 49
56 136 14
56 116 1
56 73 56
56 128 9
56 105 3
56 118 28
56 95 18
56 75 29
56 65 6
56 130 61
56 120 20
56 97 57
56 87 3
57 110 55
57 142 62
57 122 24
57 66 32
57 131 31
57 144 53
57 111 33
57 68 7
57 58 55
57 133 29
57 146 45
57 123 15
57 100 18
57 113 56
57 67 33
57 112 51
57 79 7
57 92 50
57 82 20
57 114 19
57 104 57
57 94 22
57 71 19
57 84 25
57 149 32
57 63 19
57 141 52
57 95 57
57 85 45
57 62 15
57 75 48
57 65 42
57 140 39
58 95 19
58 85 19
58 98 6
58 75 46
58 110 18
58 64 5
58 132 23
58 86 38
58 122 27
58 99 38
58 89 25
58 121 11
58 134 62
58 111 46
58 124 39
58 78 58
58 91 54
58 68 53
58 136 50
58 113 12
58 67 14
58 145 13
58 135 2
58 148 7
58 102 25
58 92 39
58 69 58
58 59 27
58 72 4
58 137 62
58 114 8
58 127 28
58 81 13
58 71 34
58 84 31
58 61 14
58 139 1
58 93 25
58 129 32
58 106 42
58 96 31
58 138 9
58 118 52
59 110 36
59 113 48
59 67 3
59 80 37
59 145 25
59 135 39
59 102 17
59 79 55
59 92 8
59 82 18
59 147 55
59 124 5
59 81 12
59 103 29
59 139 49
59 63 31
59 148 34
59 138 12
59 105 5
59 108 36
59 62 24
59 75 39
59 117 36
59 130 47
59 120 39
59 97 26
59 64 4
59 129 58
59 142 39
59 119 37
59 96 55
59 86 40
59 89 21
59 66 17
59 121 58
59 134 10
59 101 62
59 78 51
60 130 49
60 120 19
60 74 22
60 77 25
60 122 9
60 89 5
60 79 10
60 144 23
60 111 24
60 88 43
60 124 57
60 101 50
60 68 14
60 123 42
60 136 17
60 113 30
60 135 30
60 125 35
60 138 34
60 105 58
60 82 47
60 114 11
60 127 22
60 117 22
60 71 59
60 84 61
60 61 5
60 96 31
60 86 30
60 63 47
60 128 56
60 118 37
60 95 36
60 131 57
60 62 11
61 67 6
61 145 16
61 112 36
61 148 47
61 125 48
61 92 45
61 147 39
61 124 17
61 114 42
61 127 27
61 104 5
61 81 59
61 94 20
61 149 32
61 126 30
61 139 16
61 116 26
61 129 59
61 96 51
61 63 2
61 128 48
61 141 15
61 118 1
61 72 32
61 108 7
61 85 35
61 140 9
61 117 4
61 120 22
61 74 40
61 64 26
61 77 38
61 142 38
61 132 29
61 86 57
61 122 39
61 99 29
61 131 40
61 121 42
61 98 10
61 134 13
61 78 62
61 68 20
61 143 49
61 110 57
61 146 58
62 101 50
62 91 29
62 143 13
62 133 57
62 136 10
62 90 5
62 103 37
62 80 35
62 112 13
62 125 57
62 79 45
62 92 33
62 137 15
62 114 26
62 127 10
62 104 51
62 71 9
62 139 9
62 116 24
62 129 38
62 73 2
62 138 43
62 118 15
62 130 1
62 97 49
62 110 29
62 77 61
62 122 53
62 99 35
62 89 2
62 66 56
62 121 5
62 98 41
62 88 39
63 136 59
63 116 17
63 106 7
63 73 58
63 148 20
63 138 61
63 115 39
63 105 58
63 72 32
63 85 57
63 117 8
63 97 21
63 64 3
63 129 48
63 109 33
63 86 14
63 76 58
63 66 5
63 98 59
63 65 19
63 68 12
63 143 40
63 100 38
63 113 38
63 67 54
63 80 34
63 145 60
63 135 22
63 112 60
63 89 23
63 102 62
63 79 13
63 134 59
63 124 4
63 137 1
63 114 42
63 91 26
63 127 3
63 81 62
64 133 48
64 146 7
64 113 41
64 67 31
64 80 33
64 135 61
64 112 24
64 148 59
64 102 40
64 69 53
64 104 37
64 81 53
64 84 57
64 139 27
64 116 25
64 86 15
64 128 22
64 141 7
64 118 37
64 95 6
64 131 27
64 108 38
64 85 18
64 140 1
64 107 45
64 143 59
64 97 43
64 132 30
64 76 20
64 66 6
64 79 25
64 144 8
64 134 61
64 111 61
64 124 2
64 78 14
65 101 50
65 91 25
65 146 60
65 123 41
65 136 31
65 103 47
65 80 62
65 70 35
65 148 2
65 125 34
65 102 23
65 115 7
65 92 26
65 105 49
65 147 40
65 137 6
65 114 22
65 81 51
65 117 59
65 94 55
65 84 23
65 116 54
65 129 33
65 96 55
65 86 17
65 128 62
65 118 60
65 95 32
65 131 32
65 85 21
65 98 24
65 75 21
65 140 28
65 107 32
65 120 62
65 97 26
65 74 35
65 87 42
65 77 1
65 67 56
65 132 15
65 99 22
65 76 6
65 89 27
65 79 15
65 121 57
66 84 8
66 136 46
66 129 35
66 96 51
66 128 7
66 95 61
66 75 3
66 140 18
66 117 3
66 107 33
66 97 28
66 74 27
66 87 9
66 142 20
66 132 38
66 98 54
66 134 27
66 111 57
66 101 62
66 133 11
66 146 20
66 100 33
66 80 7
66 148 45
66 102 5
66 92 8
66 137 42
66 114 25
66 127 45
67 147 11
67 124 25
67 137 41
67 127 5
67 81 21
67 84 17
67 149 37
67 129 1
67 138 16
67 95 43
67 75 6
67 140 1
67 117 54
67 130 28
67 120 62
67 87 19
67 119 37
67 99 3
67 131 46
67 98 34
67 134 8
67 111 13
67 88 4
67 143 39
67 133 41
67 146 30
67 100 57
67 135 34
67 125 5
67 92 53
67 82 22
68 96 50
68 85 61
68 140 61
68 107 27
68 143 9
68 97 28
68 74 6
68 109 26
68 122 39
68 76 54
68 131 5
68 111 25
68 88 35
68 124 12
68 78 47
68 91 57
68 146 56
68 123 58
68 90 35
68 135 18
68 148 53
68 102 16
68 92 30
68 69 24
68 82 32
68 127 24
68 104 31
68 94 15
68 84 37
69 81 42
69 117 25
69 116 34
69 96 31
69 86 14
69 138 20
69 95 42
69 131 53
69 108 23
69 98 24
69 140 34
69 107 52
69 142 23
69 119 3
69 109 58
69 122 20
69 99 38
69 79 21
69 134 51
69 88 40
69 124 16
69 78 9
69 133 44
69 146 13
69 113 34
69 80 25
69 70 13
69 135 14
69 72 15
69 127 1
70 119 8
70 132 59
70 86 11
70 122 39
70 144 37
70 98 31
70 111 48
70 143 52
70 146 42
70 123 48
70 100 61
70 112 23
70 79 8
70 82 32
70 127 49
70 104 32
70 126 40
70 93 49
70 83 41
70 105 30
70 141 11
70 95 39
70 117 55
70 130 55
70 107 19
70 120 56
71 140 6
71 130 32
71 107 30
71 97 6
71 87 17
71 132 20
71 99 47
71 76 23
71 143 54
71 133 35
71 146 45
71 123 3
71 100 3
71 90 43
71 103 50
71 80 10
71 112 32
71 148 38
71 125 8
71 102 50
71 79 26
71 137 5
71 114 8
71 91 15
71 104 1
71 84 30
71 136 43
71 116 13
71 129 62
71 73 11
71 141 21
71 95 19
71 72 44
71 85 31
71 75 29
72 137 47
72 127 49
72 104 5
72 117 23
72 84 5
72 74 6
72 139 36
72 106 50
72 141 13
72 118 37
72 95 23
72 131 59
72 85 11
72 98 47
72 75 56
72 140 12
72 130 57
72 143 5
72 120 47
72 142 19
72 145 26
72 89 17
72 144 9
72 121 16
72 124 3
72 101 41
72 123 17
72 113 20
72 126 28
72 80 14
72 135 41
72 148 5
72 102 42
72 138 43
72 105 44
72 82 45
73 110 11
73 87 41
73 122 51
73 99 52
73 131 24
73 111 42
73 88 28
73 133 44
73 146 33
73 100 37
73 102 46
73 79 60
73 115 10
73 137 41
73 81 48
73 117 3
73 84 7
73 149 23
73 139 35
73 93 10
73 129 34
73 128 32
73 108 11
73 85 10
73 120 6
74 140 41
74 120 33
74 142 32
74 76 28
74 79 46
74 144 29
74 121 4
74 134 36
74 88 56
74 101 23
74 91 27
74 100 5
74 113 32
74 90 1
74 112 9
74 102 15
74 82 17
74 114 8
74 104 21
74 81 55
74 94 29
74 84 5
74 149 52
74 116 42
74 138 43
74 118 39
74 95 36
74 108 53
75 110 48
75 146 8
75 123 38
75 100 24
75 80 36
75 145 21
75 112 10
75 125 11
75 92 45
75 147 56
75 124 27
75 137 50
75 127 30
75 143 51
75 81 30
75 94 28
75 136 49
75 126 53
75 93 2
75 106 61
75 148 13
75 95 17
75 108 31
75 117 37
75 129 5
75 142 16
75 86 19
75 89 51
75 144 52
75 121 55
75 134 20
75 111 15
76 97 10
76 77 4
76 142 35
76 145 62
76 144 10
76 134 17
76 124 11
76 101 10
76 78 7
76 91 46
76 146 43
76 123 33
76 113 33
76 103 56
76 80 5
76 93 51
76 138 42
76 92 24
76 82 8
76 127 59
76 81 1
76 117 41
76 84 12
76 149 62
76 116 9
76 106 37
76 83 40
76 96 25
76 118 52
76 85 53
76 98 1
76 130 15
77 98 3
77 97 14
77 110 60
77 100 54
77 78 60
77 81 2
77 133 45
77 123 23
77 136 61
77 113 52
77 80 12
77 115 50
77 137 3
77 114 3
77 127 49
77 94 5
77 84 10
77 149 15
77 106 56
77 96 38
77 86 61
77 128 55
77 141 19
78 133 47
78 136 28
78 145 54
78 135 6
78 112 12
78 125 4
78 115 24
78 137 39
78 104 43
78 117 10
78 84 61
78 126 57
78 128 40
78 105 43
78 118 8
78 95 19
78 108 54
78 85 4
78 120 14
78 87 8
78 119 19
78 109 7
78 134 5
78 111 61
78 88 46
78 101 4
78 91 12
79 144 9
79 134 56
79 124 45
79 101 44
79 100 30
79 90 18
79 80 25
79 148 45
79 125 49
79 92 38
79 82 7
79 127 45
79 139 4
79 93 15
79 129 7
79 106 53
79 128 36
79 107 40
79 110 58
79 87 10
79 142 4
79 119 31
79 132 51
79 109 55
79 122 32
79 99 55
79 89 18
80 113 10
80 90 1
80 103 6
80 93 6
80 145 50
80 135 28
80 125 54
80 138 12
80 115 40
80 105 18
80 104 28
80 84 6
80 149 31
80 129 1
80 106 19
80 83 18
80 96 57
80 108 54
80 140 18
80 130 48
80 107 3
80 97 37
80 110 28
80 122 6
80 112 17
80 144 2
80 133 9
80 146 23
80 136 26
81 91 55
81 146 48
81 103 11
81 93 38
81 135 54
81 102 51
81 138 62
81 92 39
81 105 44
81 114 46
81 127 54
81 94 53
81 84 46
81 149 55
81 129 43
81 83 4
81 96 37
81 141 15
81 131 14
81 85 45
81 107 22
81 143 9
81 97 49
81 87 5
81 115 13
81 122 46
81 89 53
81 134 12
82 149 8
82 126 16
82 139 8
82 106 31
82 83 32
82 118 51
82 85 29
82 140 61
82 117 39
82 130 4
82 107 48
82 120 33
82 110 41
82 132 9
82 122 34
82 99 4
82 89 1
82 131 58
82 98 12
82 123 35
82 90 17
82 103 47
82 145 56
82 137 48
82 114 30
82 127 13
82 94 37
83 114 4
83 127 59
83 149 7
83 139 44
83 116 51
83 129 5
83 106 57
83 138 28
83 105 21
83 141 53
83 98 29
83 140 51
83 143 53
83 120 59
83 97 10
83 110 42
83 142 40
83 109 40
83 122 42
83 99 54
83 89 40
83 131 29
83 91 52
83 133 6
83 100 12
83 136 28
83 90 14
83 103 55
83 145 34
83 102 19
83 115 2
84 115 57
84 105 42
84 147 52
84 127 36
84 126 51
84 116 46
84 129 29
84 96 50
84 141 54
84 118 58
84 95 12
84 140 61
84 130 58
84 120 13
84 119 57
84 122 25
84 99 41
84 144 52
84 111 7
84 91 44
84 146 48
84 113 15
85 126 62
85 139 16
85 106 17
85 86 21
85 141 31
85 108 26
85 140 25
85 120 51
85 109 26
85 122 17
85 144 5
85 121 3
85 134 58
85 111 47
85 88 59
85 133 40
85 146 42
85 113 46
85 145 30
85 125 44
85 105 39
85 147 21
85 114 46
85 117 32
85 94 49
86 114 9
86 104 18
86 149 50
86 126 18
86 139 37
86 129 59
86 106 20
86 128 17
86 131 39
86 140 8
86 130 52
86 107 29
86 120 45
86 87 22
86 132 27
86 121 45
86 88 16
86 101 43
86 146 19
86 90 5
86 93 34
86 135 44
86 148 41
86 115 49
86 92 51
86 105 30
87 130 17
87 107 29
87 97 2
87 132 25
87 109 37
87 122 32
87 121 20
87 134 25
87 146 10
87 100 1
87 90 48
87 145 47
87 135 14
87 148 18
87 102 58
87 127 51
87 104 39
87 94 29
87 149 11
87 126 8
87 139 15
87 93 38
87 138 29
87 128 46
87 95 53
87 117 25
88 118 44
88 98 2
88 140 53
88 130 38
88 107 47
88 120 50
88 110 21
88 119 27
88 109 26
88 131 52
88 121 19
88 134 12
88 146 13
88 136 14
88 113 8
88 135 9
88 92 40
88 137 28
88 127 1
88 94 50
88 116 37
88 96 10
88 138 10
88 128 59
89 132 39
89 109 6
89 122 15
89 99 57
89 131 14
89 121 39
89 111 19
89 124 15
89 101 5
89 113 37
89 90 43
89 145 58
89 148 38
89 125 49
89 102 35
89 92 13
89 114 49
89 104 50
89 126 48
89 139 36
89 116 55
89 93 24
89 129 44
89 106 32
89 96 6
89 138 36
89 108 38
89 98 38
89 130 7
89 120 59
89 110 62
90 143 13
90 97 45
90 110 21
90 119 2
90 132 12
90 109 25
90 122 22
90 121 59
90 134 39
90 124 46
90 133 54
90 146 8
90 100 46
90 136 25
90 103 56
90 145 59
90 135 55
90 115 12
90 104 49
90 116 24
90 93 28
90 129 43
90 141 34
90 118 47
90 95 35
91 141 53
91 95 39
91 108 34
91 140 9
91 143 30
91 120 60
91 142 57
91 109 34
91 112 1
91 134 55
91 111 1
91 124 19
91 101 34
91 100 33
91 136 5
91 145 3
91 135 39
91 92 29
91 137 38
91 114 57
91 127 24
91 117 34
91 126 33
91 139 15
91 129 46
92 101 53
92 143 52
92 123 50
92 100 2
92 113 42
92 145 40
92 112 40
92 148 32
92 125 37
92 102 41
92 114 20
92 127 36
92 136 19
92 149 15
92 128 39
92 105 53
92 95 24
92 140 1
92 132 44
92 122 61
92 144 61
92 121 59
92 98 49
92 134 20
92 111 62
93 130 31
93 120 36
93 109 3
93 145 51
93 122 34
93 99 47
93 144 10
93 134 46
93 111 54
93 123 26
93 136 20
93 126 57
93 103 6
93 148 16
93 104 6
93 119 9
93 96 59
93 141 62
93 95 26
94 133 25
94 100 39
94 125 18
94 114 14
94 127 53
94 126 16
94 116 50
94 106 28
94 96 8
94 138 60
94 118 57
94 108 2
94 98 28
94 140 46
94 107 48
94 110 9
94 132 3
94 121 28
94 134 55
95 134 47
95 124 41
95 101 12
95 133 57
95 146 12
95 136 24
95 103 3
95 148 58
95 102 8
95 115 17
95 105 14
95 104 62
95 149 4
95 126 61
95 139 58
95 116 52
95 106 5
95 118 11
95 98 56
95 140 31
95 97 36
95 144 34
96 112 43
96 124 54
96 133 52
96 145 28
96 148 57
96 125 39
96 115 43
96 105 14
96 137 39
96 117 50
96 149 40
96 106 50
96 140 1
96 120 40
96 97 3
96 110 6
96 132 49
97 133 14
97 123 54
97 126 32
97 103 45
97 148 52
97 125 13
97 102 3
97 105 6
97 147 21
97 114 42
97 104 13
97 149 11
97 119 30
97 118 23
97 131 41
97 108 32
97 98 4
97 107 36
97 143 20
97 110 15
97 142 55
97 112 3
97 134 20
97 111 36
97 124 11
97 101 17
98 144 27
98 134 38
98 111 57
98 101 19
98 146 29
98 123 57
98 136 7
98 103 8
98 135 29
98 148 55
98 125 42
98 138 53
98 115 59
98 105 11
98 137 50
98 108 5
98 128 52
98 140 19
98 142 11
98 109 26
98 122 45
99 129 36
99 138 14
99 118 2
99 140 43
99 120 41
99 109 38
99 134 33
99 101 20
99 123 61
99 100 47
99 113 18
99 103 5
99 145 43
99 112 32
99 148 10
99 115 52
100 105 37
100 147 23
100 127 6
100 139 22
100 131 15
100 120 22
100 110 8
100 142 24
100 132 23
100 112 54
100 144 37
100 133 32
100 146 4
100 123 12
100 136 55
100 103 46
100 145 28
100 125 54
101 149 9
101 128 28
101 139 58
101 118 29
101 131 60
101 140 38
101 107 4
101 143 43
101 109 49
101 144 5
101 111 5
101 124 1
101 136 25
101 103 32
101 145 61
101 148 43
101 102 56
101 138 5
101 137 21
101 117 19
102 114 31
102 117 11
102 139 23
102 143 13
102 118 47
102 130 33
102 110 29
102 142 52
102 109 4
102 144 31
102 111 20
102 146 47
102 123 38
102 113 53
102 148 1
102 125 3
102 115 27
103 138 40
103 115 51
103 147 14
103 137 14
103 117 51
103 128 46
103 141 61
103 143 56
103 110 32
103 142 53
103 109 45
103 122 26
103 121 11
103 134 29
103 124 13
103 123 17
103 108 10
103 136 20
103 113 8
103 148 48
104 140 1
104 120 46
104 142 49
104 132 35
104 109 32
104 144 61
104 111 15
104 133 58
104 136 54
104 112 39
104 114 12
104 149 5
104 128 38
104 141 34
105 128 34
105 141 6
105 118 1
105 131 48
105 140 57
105 130 17
105 143 1
105 109 22
105 121 14
105 134 16
105 111 16
105 123 4
105 112 46
105 148 61
105 147 45
105 137 15
105 126 36
106 143 56
106 132 50
106 121 17
106 111 6
106 133 2
106 135 31
106 115 7
106 147 36
106 137 5
106 114 17
106 149 28
106 126 49
106 139 38
106 119 32
106 131 22
106 130 19
107 131 51
107 140 20
107 143 22
107 120 24
107 110 33
107 132 3
107 145 12
107 122 45
107 112 40
107 144 29
107 121 57
107 111 31
107 133 40
107 113 57
107 126 62
107 148 49
107 138 55
107 115 30
107 117 22
107 149 26
107 128 12
107 141 4
108 133 62
108 123 45
108 113 4
108 145 7
108 135 40
108 115 39
108 147 6
108 124 23
108 137 53
108 127 23
108 117 25
108 116 22
108 129 38
108 141 15
108 118 33
108 130 29
108 120 52
108 110 31
108 142 16
108 109 15
108 144 53
109 131 27
109 134 57
109 133 7
109 123 43
109 113 60
109 145 34
109 112 17
109 125 19
109 137 30
109 114 42
109 127 5
109 139 20
109 116 18
109 129 18
109 128 62
109 122 40
110 131 38
110 120 55
110 133 6
110 145 31
110 144 19
110 111 25
110 114 19
110 123 15
110 138 61
110 137 12
110 140 22
110 139 28
110 129 24
111 146 36
111 136 58
111 145 20
111 135 49
111 148 29
111 147 46
111 137 43
111 127 36
111 117 8
111 149 57
111 139 54
111 128 60
111 141 38
111 140 7
111 130 17
111 143 50
111 120 15
111 142 15
111 112 23
111 144 26
111 121 56
111 134 45
112 124 16
112 133 52
112 126 21
112 138 34
112 115 25
112 114 10
112 127 29
112 149 8
112 139 45
112 119 15
112 131 25
112 140 61
112 142 38
112 132 15
112 145 28
113 149 17
113 116 33
113 118 2
113 140 36
113 130 33
113 120 4
113 142 45
113 121 55
113 143 39
113 123 56
113 136 41
113 145 48
114 124 22
114 126 44
114 135 55
114 125 44
114 138 20
114 137 25
114 140 8
114 129 62
114 118 13
114 130 4
114 142 13
114 132 55
114 122 7
114 144 11
114 121 27
114 134 16
115 149 48
115 126 59
115 116 51
115 138 57
115 140 18
115 143 43
115 119 42
115 122 31
115 121 8
115 136 41
115 148 39
115 147 44
115 127 47
115 117 54
116 147 21
116 149 20
116 129 51
116 128 7
116 140 60
116 142 60
116 119 8
116 144 19
116 134 6
116 133 55
116 123 32
116 135 61
116 125 26
117 125 60
117 147 45
117 137 31
117 127 44
117 149 51
117 126 44
117 129 2
117 119 16
117 128 51
117 140 14
117 143 48
117 120 12
117 132 48
117 134 59
117 133 33
117 146 7
117 123 5
117 136 22
118 149 45
118 129 61
118 128 38
118 141 46
118 140 33
118 133 44
118 122 31
118 144 38
118 121 61
118 146 46
118 123 36
118 136 16
118 148 41
118 138 61
119 127 18
119 140 19
119 149 54
119 139 9
119 129 26
119 128 1
119 141 48
119 120 61
119 133 16
119 122 24
119 124 37
119 146 27
119 126 47
119 135 27
119 125 35
120 140 43
120 130 11
120 143 8
120 144 11
120 134 46
120 124 21
120 133 10
120 123 3
120 135 37
120 125 1
120 147 20
120 127 27
120 149 16
120 126 14
120 129 50
120 138 47
121 128 49
121 143 41
121 124 43
121 133 4
121 146 47
121 136 9
121 139 5
121 129 25
122 149 19
122 139 41
122 129 36
122 131 27
122 142 6
122 132 54
122 135 26
122 144 2
122 146 46
122 123 47
122 126 23
123 132 46
123 144 46
123 134 45
123 135 14
123 125 60
123 138 52
123 129 56
123 128 33
124 128 49
124 141 3
124 130 10
124 142 23
124 132 22
124 145 62
124 146 12
124 136 28
124 148 8
124 127 8
124 129 53
125 136 13
125 145 5
125 135 13
125 148 20
125 137 54
125 130 61
125 142 56
125 132 32
125 144 43
126 132 13
126 134 47
126 147 45
126 146 53
126 136 40
126 148 12
126 140 3
126 139 40
126 129 54
126 141 39
127 135 24
127 147 16
127 131 53
127 142 33
127 145 40
127 144 37
128 134 35
128 136 11
128 148 4
128 147 31
128 137 10
128 141 50
128 140 52
129 144 41
129 134 49
129 135 45
129 148 13
129 138 25
129 137 25
129 149 20
129 141 31
129 131 27
129 140 11
130 138 49
130 141 58
130 131 29
130 142 46
130 132 27
130 133 14
130 136 31
130 148 33
131 149 3
131 143 24
131 133 47
131 142 60
132 137 30
132 141 50
132 142 8
132 145 52
132 134 24
132 133 6
132 136 24
133 147 53
133 137 18
133 140 11
133 145 62
133 146 40
134 145 62
134 146 48
134 148 4
134 149 42
134 139 7
134 138 53
135 144 31
135 146 11
135 148 33
136 148 22
136 141 39
136 145 33
136 147 9
137 143 10
137 145 19
137 146 22
137 149 21
138 141 12
138 140 10
138 146 23
138 147 22
139 143 35
139 142 12
139 147 33
139 149 61
140 141 60
140 143 19
140 142 42
140 146 19
141 143 7
141 145 62
141 147 25
141 146 16
141 148 40
142 148 35
143 147 56
143 148 29
144 148 18
144 149 24
144 145 37
145 146 37
145 148 45
147 149 50
